1.5	1.9789e-06
1.505	2.0994e-06
1.51	2.229e-06
1.515	2.3674e-06
1.52	2.5149e-06
1.525	2.6704e-06
1.53	2.8369e-06
1.535	3.012e-06
1.54	3.1985e-06
1.545	3.3975e-06
1.55	3.6084e-06
1.555	3.8336e-06
1.56	4.0729e-06
1.565	4.3269e-06
1.57	4.5984e-06
1.575	4.882e-06
1.58	5.1854e-06
1.585	5.5085e-06
1.59	5.8485e-06
1.595	6.211e-06
1.6	6.5963e-06
1.605	7.0029e-06
1.61	7.4333e-06
1.615	7.8869e-06
1.62	8.3759e-06
1.625	8.8918e-06
1.63	9.4366e-06
1.635	1.0015e-05
1.64	1.062e-05
1.645	1.127e-05
1.65	1.196e-05
1.655	1.269e-05
1.66	1.3465e-05
1.665	1.4285e-05
1.67	1.5155e-05
1.675	1.607e-05
1.68	1.705e-05
1.685	1.8084e-05
1.69	1.9175e-05
1.695	2.0334e-05
1.7	2.156e-05
1.705	2.2855e-05
1.71	2.4214e-05
1.715	2.5679e-05
1.72	2.722e-05
1.725	2.8835e-05
1.73	3.056e-05
1.735	3.2375e-05
1.74	3.4304e-05
1.745	3.632e-05
1.75	3.8449e-05
1.755	4.0719e-05
1.76	4.312e-05
1.765	4.565e-05
1.77	4.8315e-05
1.775	5.1139e-05
1.78	5.408e-05
1.785	5.7254e-05
1.79	6.054e-05
1.795	6.4034e-05
1.8	6.7733e-05
1.805	7.1619e-05
1.81	7.5728e-05
1.815	8.0016e-05
1.82	8.4564e-05
1.825	8.9425e-05
1.83	9.444e-05
1.835	9.9763e-05
1.84	0.00010535
1.845	0.00011125
1.85	0.00011745
1.855	0.000124
1.86	0.0001308
1.865	0.00013805
1.87	0.00014565
1.875	0.00015355
1.88	0.00016195
1.885	0.0001708
1.89	0.00018
1.895	0.0001897
1.9	0.0001998
1.905	0.00021045
1.91	0.00022165
1.915	0.0002333
1.92	0.00024575
1.925	0.00025865
1.93	0.00027205
1.935	0.00028615
1.94	0.00030096
1.945	0.0003164
1.95	0.00033255
1.955	0.0003494
1.96	0.0003673
1.965	0.00038575
1.97	0.000405
1.975	0.0004252
1.98	0.00044626
1.985	0.00046845
1.99	0.00049135
1.995	0.00051531
2.0	0.00054017
2.005	0.00056624
2.01	0.00059354
2.015	0.00062171
2.02	0.00065109
2.025	0.00068206
2.03	0.00071394
2.035	0.00074714
2.04	0.00078171
2.045	0.00081772
2.05	0.00085497
2.055	0.0008938
2.06	0.000934
2.065	0.00097597
2.07	0.0010197
2.075	0.001064
2.08	0.001111
2.085	0.00116
2.09	0.0012105
2.095	0.001262
2.1	0.001316
2.105	0.0013725
2.11	0.0014305
2.115	0.00149
2.12	0.001552
2.125	0.0016165
2.13	0.001683
2.135	0.001752
2.14	0.001823
2.145	0.001896
2.15	0.0019715
2.155	0.00205
2.16	0.0021305
2.165	0.0022141
2.17	0.0023005
2.175	0.0023891
2.18	0.0024805
2.185	0.002575
2.19	0.0026726
2.195	0.0027726
2.2	0.002876
2.205	0.002982
2.21	0.0030916
2.215	0.0032035
2.22	0.0033186
2.225	0.0034391
2.23	0.0035615
2.235	0.0036875
2.24	0.003818
2.245	0.0039506
2.25	0.0040879
2.255	0.0042269
2.26	0.0043709
2.265	0.0045204
2.27	0.004673
2.275	0.004828
2.28	0.004988
2.285	0.0051525
2.29	0.005321
2.295	0.0054941
2.3	0.0056701
2.305	0.005852
2.31	0.006037
2.315	0.006227
2.32	0.0064216
2.325	0.0066221
2.33	0.0068266
2.335	0.0070355
2.34	0.0072501
2.345	0.0074685
2.35	0.007693
2.355	0.0079207
2.36	0.0081549
2.365	0.0083942
2.37	0.0086393
2.375	0.0088887
2.38	0.0091448
2.385	0.0094051
2.39	0.0096703
2.395	0.0099425
2.4	0.010221
2.405	0.010515
2.41	0.0108
2.415	0.011095
2.42	0.011395
2.425	0.0117
2.43	0.012015
2.435	0.01233
2.44	0.01266
2.445	0.01299
2.45	0.013325
2.455	0.01367
2.46	0.01402
2.465	0.014375
2.47	0.01474
2.475	0.01511
2.48	0.015485
2.485	0.015865
2.49	0.01626
2.495	0.016655
2.5	0.017055
2.505	0.01747
2.51	0.017885
2.515	0.018311
2.52	0.01874
2.525	0.019185
2.53	0.019625
2.535	0.020081
2.54	0.02054
2.545	0.02101
2.55	0.021481
2.555	0.02196
2.56	0.02245
2.565	0.02295
2.57	0.023456
2.575	0.023965
2.58	0.024486
2.585	0.025021
2.59	0.02555
2.595	0.026095
2.6	0.026646
2.605	0.0272
2.61	0.02777
2.615	0.028345
2.62	0.028925
2.625	0.02952
2.63	0.03011
2.635	0.030715
2.64	0.03133
2.645	0.031956
2.65	0.032585
2.655	0.03322
2.66	0.033871
2.665	0.034531
2.67	0.035191
2.675	0.03586
2.68	0.036541
2.685	0.037226
2.69	0.037926
2.695	0.038626
2.7	0.039341
2.705	0.04006
2.71	0.040794
2.715	0.041531
2.72	0.04228
2.725	0.043035
2.73	0.043795
2.735	0.044571
2.74	0.045351
2.745	0.046141
2.75	0.046936
2.755	0.047735
2.76	0.04855
2.765	0.049376
2.77	0.0502
2.775	0.051035
2.78	0.05188
2.785	0.05274
2.79	0.0536
2.795	0.05447
2.8	0.055351
2.805	0.05624
2.81	0.057135
2.815	0.058041
2.82	0.058956
2.825	0.059881
2.83	0.06081
2.835	0.061741
2.84	0.062691
2.845	0.063644
2.85	0.064617
2.855	0.065582
2.86	0.066555
2.865	0.067539
2.87	0.068531
2.875	0.06953
2.88	0.070545
2.885	0.071571
2.89	0.072594
2.895	0.07362
2.9	0.074661
2.905	0.075714
2.91	0.076767
2.915	0.077831
2.92	0.078899
2.925	0.079979
2.93	0.081062
2.935	0.082149
2.94	0.083256
2.945	0.08437
2.95	0.085476
2.955	0.086601
2.96	0.087719
2.965	0.088856
2.97	0.089996
2.975	0.091156
2.98	0.092297
2.985	0.093464
2.99	0.094631
2.995	0.095802
3.0	0.096981
3.005	0.098167
3.01	0.099358
3.015	0.10005
3.02	0.10005
3.025	0.10005
3.03	0.10005
3.035	0.10005
3.04	0.10005
3.045	0.10005
3.05	0.10005
3.055	0.10005
3.06	0.10005
3.065	0.10005
3.07	0.10005
3.075	0.10005
3.08	0.10005
3.085	0.10005
3.09	0.10004
3.095	0.10005
3.1	0.10005
