0.0	3.0215e-05
0.01	0.00064445
0.02	0.0012165
0.03	0.001752
0.04	0.002229
0.05	0.0026701
0.06	0.0030786
0.07	0.0034446
0.08	0.0037775
0.09	0.004082
0.1	0.0043554
0.11	0.0045986
0.12	0.004823
0.13	0.0050225
0.14	0.0052021
0.15	0.0053639
0.16	0.0055101
0.17	0.0056426
0.18	0.0057621
0.19	0.0058715
0.2	0.0059676
0.21	0.0060585
0.22	0.0061405
0.23	0.0062129
0.24	0.0062816
0.25	0.0063455
0.26	0.0064025
0.27	0.0064585
0.28	0.006511
0.29	0.006557
0.3	0.0066025
0.31	0.0066454
0.32	0.0066831
0.33	0.0067232
0.34	0.0067592
0.35	0.0067906
0.36	0.0068245
0.37	0.0068545
0.38	0.0068827
0.39	0.006912
0.4	0.0069401
0.41	0.006963
0.42	0.00699
0.43	0.007015
0.44	0.007035
0.45	0.0070555
0.46	0.0070791
0.47	0.0070984
0.48	0.0071185
0.49	0.0071375
0.5	0.0071561
0.51	0.0071735
0.52	0.0071936
0.53	0.0072086
0.54	0.007226
0.55	0.0072432
0.56	0.0072551
0.57	0.0072741
0.58	0.0072911
0.59	0.0073025
0.6	0.0073156
0.61	0.0073311
0.62	0.007343
0.63	0.0073571
0.64	0.0073709
0.65	0.0073841
0.66	0.0073941
0.67	0.0074091
0.68	0.0074201
0.69	0.0074305
0.7	0.0074451
0.71	0.0074542
0.72	0.0074642
0.73	0.0074761
0.74	0.0074856
0.75	0.0074952
0.76	0.0075076
0.77	0.007519
0.78	0.0075281
0.79	0.0075381
0.8	0.0075471
0.81	0.0075564
0.82	0.007565
0.83	0.0075765
0.84	0.0075855
0.85	0.0075965
0.86	0.0076032
0.87	0.0076106
0.88	0.0076215
0.89	0.0076306
0.9	0.0076351
0.91	0.0076442
0.92	0.0076511
0.93	0.0076585
0.94	0.007668
0.95	0.0076752
0.96	0.007684
0.97	0.007693
0.98	0.0077012
0.99	0.0077081
1.0	0.0077145
1.01	0.0077221
1.02	0.0077276
1.03	0.0077376
1.04	0.007745
1.05	0.0077486
1.06	0.0077586
1.07	0.0077651
1.08	0.007772
1.09	0.007781
1.1	0.007787
1.11	0.0077915
1.12	0.0077996
1.13	0.007807
1.14	0.0078125
1.15	0.0078201
1.16	0.0078278
1.17	0.0078316
1.18	0.0078397
1.19	0.007843
1.2	0.0078511
1.21	0.0078583
1.22	0.0078635
1.23	0.0078673
1.24	0.0078754
1.25	0.0078831
1.26	0.0078864
1.27	0.0078936
1.28	0.0079007
1.29	0.0079055
1.3	0.0079107
1.31	0.0079165
1.32	0.0079227
1.33	0.0079308
1.34	0.007936
1.35	0.0079365
1.36	0.0079465
1.37	0.0079513
1.38	0.007956
1.39	0.0079641
1.4	0.0079665
1.41	0.0079727
1.42	0.0079775
1.43	0.0079851
1.44	0.007988
1.45	0.0079937
1.46	0.0079989
1.47	0.0080047
1.48	0.0080071
1.49	0.0080137
1.5	0.0080195
1.51	0.0080266
1.52	0.0080314
1.53	0.0080357
1.54	0.0080409
1.55	0.0080457
1.56	0.0080495
1.57	0.0080528
1.58	0.0080609
1.59	0.0080628
1.6	0.00807
1.61	0.0080762
1.62	0.008081
1.63	0.0080819
1.64	0.008091
1.65	0.0080933
1.66	0.0080976
1.67	0.0081039
1.68	0.0081086
1.69	0.0081115
1.7	0.0081186
1.71	0.0081215
1.72	0.0081248
1.73	0.008132
1.74	0.0081377
1.75	0.0081401
1.76	0.0081444
1.77	0.0081487
1.78	0.0081534
1.79	0.0081568
1.8	0.0081606
1.81	0.0081654
1.82	0.008173
1.83	0.0081773
1.84	0.0081778
1.85	0.008183
1.86	0.0081878
1.87	0.0081921
1.88	0.0081954
1.89	0.0081968
1.9	0.008203
1.91	0.0082088
1.92	0.0082116
1.93	0.008215
1.94	0.0082202
1.95	0.0082245
1.96	0.0082273
1.97	0.0082335
1.98	0.0082369
1.99	0.0082393
2.0	0.0082445
2.01	0.0082493
2.02	0.0082531
2.03	0.008255
2.04	0.0082612
2.05	0.0082612
2.06	0.0082698
2.07	0.0082722
2.08	0.0082746
2.09	0.0082788
2.1	0.008286
2.11	0.0082879
2.12	0.0082917
2.13	0.0082965
2.14	0.0082984
2.15	0.0083017
2.16	0.0083079
2.17	0.0083089
2.18	0.0083137
2.19	0.0083184
2.2	0.0083256
2.21	0.0083256
2.22	0.0083332
2.23	0.0083346
2.24	0.0083399
2.25	0.0083442
2.26	0.0083456
2.27	0.0083499
2.28	0.0083556
2.29	0.0083575
2.3	0.0083585
2.31	0.0083647
2.32	0.0083652
2.33	0.008368
2.34	0.0083771
2.35	0.0083776
2.36	0.0083799
2.37	0.0083847
2.38	0.008389
2.39	0.0083904
2.4	0.0083985
2.41	0.0083985
2.42	0.0084009
2.43	0.0084085
2.44	0.0084085
2.45	0.0084114
2.46	0.0084186
2.47	0.0084181
2.48	0.0084233
2.49	0.008429
2.5	0.0084314
2.51	0.0084329
2.52	0.0084367
2.53	0.0084391
2.54	0.0084419
2.55	0.0084462
2.56	0.0084486
2.57	0.0084553
2.58	0.0084581
2.59	0.0084591
2.6	0.0084624
2.61	0.0084653
2.62	0.008471
2.63	0.0084701
2.64	0.0084744
2.65	0.0084801
2.66	0.008482
2.67	0.0084882
2.68	0.008492
2.69	0.0084925
2.7	0.0084977
2.71	0.0085001
2.72	0.0085015
2.73	0.0085049
2.74	0.0085111
2.75	0.0085101
2.76	0.0085158
2.77	0.0085216
2.78	0.0085216
2.79	0.0085273
2.8	0.008532
2.81	0.0085316
2.82	0.0085363
2.83	0.0085387
2.84	0.0085392
2.85	0.0085435
2.86	0.0085497
2.87	0.0085506
2.88	0.008554
2.89	0.0085611
2.9	0.0085607
2.91	0.0085649
2.92	0.0085688
2.93	0.0085707
2.94	0.0085726
2.95	0.0085754
2.96	0.0085788
2.97	0.0085826
2.98	0.0085878
2.99	0.0085893
3.0	0.0085917
