1.6	4.5244e-06
1.604	4.736e-06
1.608	4.9635e-06
1.612	5.2005e-06
1.616	5.4494e-06
1.62	5.7099e-06
1.624	5.9835e-06
1.628	6.268e-06
1.632	6.5719e-06
1.636	6.8844e-06
1.64	7.2168e-06
1.644	7.5628e-06
1.648	7.927e-06
1.652	8.3056e-06
1.656	8.7079e-06
1.66	9.1219e-06
1.664	9.5577e-06
1.668	1.002e-05
1.672	1.05e-05
1.676	1.1e-05
1.68	1.153e-05
1.684	1.2075e-05
1.688	1.266e-05
1.692	1.326e-05
1.696	1.39e-05
1.7	1.456e-05
1.704	1.5255e-05
1.708	1.598e-05
1.712	1.673e-05
1.716	1.7529e-05
1.72	1.836e-05
1.724	1.922e-05
1.728	2.013e-05
1.732	2.1075e-05
1.736	2.2075e-05
1.74	2.312e-05
1.744	2.4225e-05
1.748	2.5354e-05
1.752	2.655e-05
1.756	2.778e-05
1.76	2.908e-05
1.764	3.045e-05
1.768	3.1861e-05
1.772	3.3325e-05
1.776	3.4885e-05
1.78	3.651e-05
1.784	3.8195e-05
1.788	3.9959e-05
1.792	4.1809e-05
1.796	4.3724e-05
1.8	4.575e-05
1.804	4.7835e-05
1.808	5.0014e-05
1.812	5.2284e-05
1.816	5.4689e-05
1.82	5.7159e-05
1.824	5.9774e-05
1.828	6.2466e-05
1.832	6.5301e-05
1.836	6.8251e-05
1.84	7.1309e-05
1.844	7.4509e-05
1.848	7.7866e-05
1.852	8.1304e-05
1.856	8.494e-05
1.86	8.8681e-05
1.864	9.2633e-05
1.868	9.672e-05
1.872	0.000101
1.876	0.00010535
1.88	0.00011
1.884	0.00011485
1.888	0.00011985
1.892	0.00012505
1.896	0.00013045
1.9	0.0001361
1.904	0.00014195
1.908	0.00014805
1.912	0.00015445
1.916	0.000161
1.92	0.0001679
1.924	0.000175
1.928	0.0001823
1.932	0.00019005
1.936	0.00019805
1.94	0.0002062
1.944	0.00021485
1.948	0.0002238
1.952	0.0002331
1.956	0.00024275
1.96	0.00025265
1.964	0.0002629
1.968	0.00027365
1.972	0.00028475
1.976	0.00029635
1.98	0.0003082
1.984	0.0003207
1.988	0.0003334
1.992	0.00034675
1.996	0.0003604
2.0	0.0003747
2.004	0.00038931
2.008	0.0004046
2.012	0.00042026
2.016	0.00043671
2.02	0.00045346
2.024	0.00047085
2.028	0.00048885
2.032	0.00050756
2.036	0.00052676
2.04	0.00054684
2.044	0.00056711
2.048	0.00058845
2.052	0.00061044
2.056	0.00063306
2.06	0.0006564
2.064	0.00068051
2.068	0.00070524
2.072	0.00073117
2.076	0.00075737
2.08	0.0007846
2.084	0.00081247
2.088	0.00084147
2.092	0.00087106
2.096	0.00090191
2.1	0.00093326
2.104	0.00096625
2.108	0.00099981
2.112	0.0010341
2.116	0.0010695
2.12	0.001106
2.124	0.001144
2.128	0.0011825
2.132	0.001222
2.136	0.0012635
2.14	0.0013055
2.144	0.0013485
2.148	0.0013925
2.152	0.0014385
2.156	0.0014855
2.16	0.001533
2.164	0.0015825
2.168	0.001633
2.172	0.0016845
2.176	0.0017385
2.18	0.001793
2.184	0.001849
2.188	0.0019065
2.192	0.001965
2.196	0.002026
2.2	0.0020881
2.204	0.0021515
2.208	0.0022165
2.212	0.0022825
2.216	0.002351
2.22	0.0024205
2.224	0.0024925
2.228	0.002565
2.232	0.0026405
2.236	0.002717
2.24	0.002795
2.244	0.0028745
2.248	0.002957
2.252	0.0030406
2.256	0.003126
2.26	0.0032126
2.264	0.0033026
2.268	0.003394
2.272	0.0034875
2.276	0.003582
2.28	0.003679
2.284	0.0037786
2.288	0.0038795
2.292	0.003983
2.296	0.0040891
2.3	0.0041955
2.304	0.0043066
2.308	0.0044186
2.312	0.0045331
2.316	0.0046489
2.32	0.0047686
2.324	0.004889
2.328	0.0050125
2.332	0.0051396
2.336	0.0052681
2.34	0.0053995
2.344	0.0055325
2.348	0.0056665
2.352	0.0058055
2.356	0.0059462
2.36	0.006088
2.364	0.0062339
2.368	0.006382
2.372	0.0065315
2.376	0.006686
2.38	0.0068409
2.384	0.007
2.388	0.0071611
2.392	0.0073252
2.396	0.0074925
2.4	0.0076611
2.404	0.007833
2.408	0.008008
2.412	0.0081854
2.416	0.0083671
2.42	0.0085506
2.424	0.0087376
2.428	0.0089264
2.432	0.00912
2.436	0.009315
2.44	0.0095129
2.444	0.0097136
2.448	0.0099197
2.452	0.010126
2.456	0.010339
2.46	0.010545
2.464	0.01076
2.468	0.01098
2.472	0.011205
2.476	0.011435
2.48	0.011665
2.484	0.011895
2.488	0.01213
2.492	0.012365
2.496	0.012615
2.5	0.012855
2.504	0.01311
2.508	0.01336
2.512	0.01361
2.516	0.013875
2.52	0.014135
2.524	0.014395
2.528	0.014665
2.532	0.01494
2.536	0.01521
2.54	0.015495
2.544	0.015775
2.548	0.016066
2.552	0.01635
2.556	0.016645
2.56	0.016935
2.564	0.017235
2.568	0.01754
2.572	0.017845
2.576	0.018155
2.58	0.01847
2.584	0.018785
2.588	0.019105
2.592	0.01943
2.596	0.019755
2.6	0.02009
2.604	0.020425
2.608	0.020765
2.612	0.021105
2.616	0.021445
2.62	0.0218
2.624	0.02215
2.628	0.022505
2.632	0.022865
2.636	0.023231
2.64	0.023601
2.644	0.023971
2.648	0.024345
2.652	0.024725
2.656	0.025105
2.66	0.02549
2.664	0.02588
2.668	0.02627
2.672	0.02667
2.676	0.02707
2.68	0.027475
2.684	0.027885
2.688	0.02829
2.692	0.02871
2.696	0.029125
2.7	0.029551
2.704	0.029975
2.708	0.030405
2.712	0.03084
2.716	0.031275
2.72	0.031715
2.724	0.032166
2.728	0.03261
2.732	0.03306
2.736	0.03352
2.74	0.033976
2.744	0.034435
2.748	0.034901
2.752	0.035376
2.756	0.035845
2.76	0.036325
2.764	0.036806
2.768	0.037291
2.772	0.037781
2.776	0.038275
2.78	0.038765
2.784	0.039265
2.788	0.039761
2.792	0.04027
2.796	0.040781
2.8	0.041296
2.804	0.041811
2.808	0.04233
2.812	0.042851
2.816	0.043385
2.82	0.043911
2.824	0.044451
2.828	0.044985
2.832	0.045525
2.836	0.046076
2.84	0.046619
2.844	0.047171
2.848	0.047741
2.852	0.048296
2.856	0.048861
2.86	0.049425
2.864	0.04999
2.868	0.05056
2.872	0.05114
2.876	0.05172
2.88	0.052305
2.884	0.052891
2.888	0.053486
2.892	0.054075
2.896	0.05467
2.9	0.055275
2.904	0.05588
2.908	0.05648
2.912	0.057095
2.916	0.057701
2.92	0.058321
2.924	0.058945
2.928	0.059565
2.932	0.060186
2.936	0.060816
2.94	0.061451
2.944	0.062086
2.948	0.062725
2.952	0.063366
2.956	0.064011
2.96	0.064655
2.964	0.065311
2.968	0.065964
2.972	0.06662
2.976	0.06728
2.98	0.067936
2.984	0.068607
2.988	0.069267
2.992	0.069939
2.996	0.07061
3.0	0.071297
3.004	0.071972
3.008	0.072651
3.012	0.073341
3.016	0.074032
3.02	0.074715
3.024	0.075409
3.028	0.076107
3.032	0.076805
3.036	0.077507
3.04	0.078205
3.044	0.078915
3.048	0.07962
3.052	0.080334
3.056	0.081051
3.06	0.081764
3.064	0.082485
3.068	0.083206
3.072	0.083931
3.076	0.084656
3.08	0.085396
3.084	0.086109
3.088	0.086845
3.092	0.087582
3.096	0.088314
3.1	0.089054
3.104	0.089806
3.108	0.090549
3.112	0.091297
3.116	0.092041
3.12	0.092785
3.124	0.093536
3.128	0.094292
3.132	0.095047
3.136	0.095806
3.14	0.096561
3.144	0.097321
3.148	0.09808
3.152	0.098846
3.156	0.099594
3.16	0.10006
3.164	0.10006
3.168	0.10006
3.172	0.10006
3.176	0.10005
3.18	0.10006
3.184	0.10006
3.188	0.10006
3.192	0.10006
3.196	0.10006
3.2	0.10006
