1.5	1.916e-06
1.51	2.116e-06
1.52	2.3314e-06
1.53	2.7425e-06
1.54	3.0495e-06
1.55	3.3815e-06
1.56	3.9325e-06
1.57	4.3835e-06
1.58	4.9009e-06
1.59	5.6345e-06
1.6	6.296e-06
1.61	7.0485e-06
1.62	8.0643e-06
1.63	9.0278e-06
1.64	1.0128e-05
1.65	1.1415e-05
1.66	1.279e-05
1.67	1.4525e-05
1.68	1.63e-05
1.69	1.83e-05
1.7	2.068e-05
1.71	2.3215e-05
1.72	2.604e-05
1.73	2.936e-05
1.74	3.2879e-05
1.75	3.6869e-05
1.76	4.1459e-05
1.77	4.6445e-05
1.78	5.2014e-05
1.79	5.8295e-05
1.8	6.5215e-05
1.81	7.2844e-05
1.82	8.1569e-05
1.83	9.0934e-05
1.84	0.00010157
1.85	0.0001129
1.86	0.00012605
1.87	0.0001402
1.88	0.0001562
1.89	0.00017365
1.9	0.0001927
1.91	0.00021395
1.92	0.00023745
1.93	0.0002628
1.94	0.0002908
1.95	0.00032175
1.96	0.00035515
1.97	0.00039175
1.98	0.000432
1.99	0.00047545
2.0	0.00052315
2.01	0.00057495
2.02	0.0006308
2.03	0.00069144
2.04	0.00075751
2.05	0.00082865
2.06	0.00090566
2.07	0.00098819
2.08	0.001076
2.09	0.001172
2.1	0.001275
2.11	0.001386
2.12	0.001505
2.13	0.001631
2.14	0.001768
2.15	0.0019115
2.16	0.0020651
2.17	0.00223
2.18	0.002404
2.19	0.0025905
2.2	0.0027875
2.21	0.002996
2.22	0.003216
2.23	0.003451
2.24	0.0036966
2.25	0.003957
2.26	0.0042305
2.27	0.0045195
2.28	0.004823
2.29	0.0051441
2.3	0.0054801
2.31	0.00583
2.32	0.006201
2.33	0.0065875
2.34	0.0069926
2.35	0.007417
2.36	0.0078611
2.37	0.0083213
2.38	0.008801
2.39	0.0093031
2.4	0.0098228
2.41	0.010361
2.42	0.010935
2.43	0.01152
2.44	0.01213
2.45	0.01276
2.46	0.013415
2.47	0.014095
2.48	0.0148
2.49	0.015515
2.5	0.016275
2.51	0.017045
2.52	0.017845
2.53	0.01867
2.54	0.019515
2.55	0.0204
2.56	0.0213
2.57	0.02223
2.58	0.023185
2.59	0.024165
2.6	0.025186
2.61	0.026216
2.62	0.02728
2.63	0.02838
2.64	0.0295
2.65	0.03065
2.66	0.03183
2.67	0.03303
2.68	0.034266
2.69	0.03554
2.7	0.036816
2.71	0.038139
2.72	0.039486
2.73	0.040865
2.74	0.042265
2.75	0.043695
2.76	0.04516
2.77	0.046646
2.78	0.048176
2.79	0.049721
2.8	0.0513
2.81	0.052906
2.82	0.054541
2.83	0.056206
2.84	0.057911
2.85	0.059626
2.86	0.061365
2.87	0.063156
2.88	0.064949
2.89	0.06678
2.9	0.068634
2.91	0.070522
2.92	0.07243
2.93	0.074375
2.94	0.076336
2.95	0.078331
2.96	0.080357
2.97	0.08239
2.98	0.084465
2.99	0.086567
3.0	0.088684
3.01	0.090061
3.02	0.090061
3.03	0.090057
3.04	0.090057
3.05	0.090057
3.06	0.090057
3.07	0.090057
3.08	0.090061
3.09	0.090061
3.1	0.090057
3.11	0.090057
3.12	0.090057
3.13	0.090061
3.14	0.090061
3.15	0.090061
3.16	0.090057
3.17	0.090057
3.18	0.090057
3.19	0.090057
3.2	0.090061
3.21	0.090057
3.22	0.090057
3.23	0.090061
3.24	0.090057
3.25	0.090057
3.26	0.090061
3.27	0.090057
3.28	0.090057
3.29	0.090057
3.3	0.090061
3.31	0.090061
3.32	0.090061
3.33	0.090061
3.34	0.090057
3.35	0.090057
3.36	0.090057
3.37	0.090057
3.38	0.090061
3.39	0.090061
3.4	0.090061
3.41	0.090057
3.42	0.090061
3.43	0.090061
3.44	0.090061
3.45	0.090061
3.46	0.090061
3.47	0.090057
3.48	0.090061
3.49	0.090061
3.5	0.090057
3.51	0.090061
3.52	0.090061
3.53	0.090061
3.54	0.090061
3.55	0.090057
3.56	0.090057
3.57	0.090061
3.58	0.090061
3.59	0.090057
3.6	0.090061
